10 0.6797520661157024 0.5227272727272727 0.03925619834710762 0.0757575757575757
4 0.7794421487603306 0.46487603305785113 0.038223140495867634 0.053719008264462846
2 0.855888429752066 0.41666666666666674 0.036157024793388504 0.048209366391184574
0 0.7458677685950412 0.3994490358126724 0.06404958677686005 0.08264462809917365
3 0.6611570247933883 0.4449035812672176 0.07024793388429756 0.09641873278236908
8 0.5676652892561984 0.4993112947658402 0.07541322314049595 0.12809917355371903
7 0.5728305785123967 0.6163911845730026 0.044421487603305616 0.05371900826446277
5 0.4328512396694212 0.5730027548209367 0.08471074380165272 0.1432506887052342
6 0.41322314049586767 0.7155647382920105 0.05785123966942126 0.09228650137741039
1 0.27427685950413183 0.6935261707988987 0.10227272727272711 0.12534435261708055
9 0.19008264462809918 0.8725895316804407 0.08057851239669421 0.11983471074380316
