10 0.5444162436548224 0.39149746192893403 0.03997461928934008 0.07233502538071072
7 0.4330583756345176 0.48223350253807107 0.03997461928934013 0.05076142131979691
6 0.262214778403998 0.5710659898477156 0.05996255173185361 0.09390862944162408
9 0.025222081218274118 0.7392131979695431 0.048540609137055844 0.12563451776649742
1 0.09850888324873106 0.5539340101522846 0.12277918781725897 0.14086294416243642
5 0.2869606598984771 0.42956852791878164 0.09993654822335026 0.15101522842639578
8 0.436389749608091 0.36675126903553235 0.08089634424460067 0.12690355329949227
3 0.5358502538071067 0.30901015228426393 0.0799492385786803 0.09010152284263953
0 0.6177030456852792 0.28045685279187815 0.06852791878172595 0.08121827411167512
4 0.641497461928934 0.34961928934010145 0.03426395939086284 0.044416243654822336
2 0.7138324873096448 0.30774111675126903 0.03045685279187822 0.049492385786802054
