9 0.274111986525825 0.6687817258883249 0.07804568527918775 0.10152284263959385
6 0.47350950604657444 0.5260152284263961 0.05805962123020445 0.08502538071065986
1 0.33788071065989866 0.5164974619289339 0.10088832487309646 0.11675126903553261
5 0.4892130422700825 0.39403553299492294 0.09327006348914459 0.1357868020304566
8 0.6281729002314093 0.3109137055837563 0.08565927567931392 0.12436548223350269
7 0.6300766092303622 0.4257614213197969 0.04758789829054408 0.05456852791878177
10 0.7480964467005077 0.31725888324873097 0.04949238578680195 0.08375634517766496
3 0.7323921319796954 0.23857868020304565 0.08280456852791886 0.10659898477157359
4 0.8651649746192893 0.2519035532994924 0.04568527918781726 0.05203045685279186
0 0.8299492385786803 0.1802030456852792 0.0799492385786803 0.09898477157360405
2 0.9636738578680205 0.1814720812182741 0.042829949238578705 0.06345177664974619
