1 0.03711928934010153 0.7823604060913705 0.0685279187817259 0.13832487309644675
6 0.17036911020079437 0.7506345177664961 0.0723353367796322 0.09517766497461942
5 0.18940557739248345 0.6040609137055835 0.11040204318457589 0.14467005076142106
7 0.3355012690355329 0.6091370558375637 0.05044416243654823 0.048223350253807334
8 0.3302669645603116 0.49619289340101524 0.08565896428039223 0.11675126903553305
10 0.4359137055837564 0.49048223350253806 0.045685279187817326 0.06725888324873104
3 0.4187809473910207 0.42068527918781684 0.06662280848762488 0.0850253807106598
0 0.4953988119961283 0.3629441624365482 0.05996192893401016 0.07868020304568532
4 0.527284263959391 0.4194162436548224 0.0361675126903554 0.04695431472081218
2 0.5915291878172589 0.3623096446700508 0.03521573604060919 0.03934010152284266
