9 0.2265231540385156 0.7664974619289328 0.07614213197969534 0.10406091370558197
6 0.4340107750821074 0.6250000000000001 0.05710784458045856 0.08248730964467002
1 0.3026649746192889 0.6104060913705586 0.09898477157360404 0.12182741116751301
5 0.4539987075246209 0.48857868020304546 0.08946451388476832 0.1370558375634517
7 0.5886738578680203 0.5298223350253807 0.04854060913705581 0.04949238578680209
8 0.5848670626679574 0.4168781725888325 0.0770926630337549 0.11802030456852793
10 0.6986040609137057 0.4308375634517766 0.043781725888324984 0.07233502538071072
3 0.6852790321177982 0.35215736040609136 0.06662467688115518 0.10025380710659901
4 0.8066302435615162 0.3718274111675126 0.037120223536866476 0.04822335025380716
0 0.7723667512690356 0.30901015228426393 0.06757614213197968 0.08756345177664979
2 0.887055837563452 0.31598984771573607 0.03616751269035532 0.05583756345177665
