10 0.6990799492385782 0.4282994923857868 0.03711928934010159 0.07233502538071063
4 0.804251269035533 0.37817258883248733 0.03997461928934001 0.05076142131979694
2 0.8856281725888325 0.3255076142131979 0.03711928934010146 0.04949238578680202
0 0.7714149746192893 0.31598984771573607 0.06567258883248726 0.08121827411167505
3 0.6819479695431473 0.3591370558375636 0.06376903553299497 0.09390862944162455
8 0.5905785010637388 0.4168781725888324 0.07518817553749724 0.1129441624365482
7 0.5881979695431474 0.5203045685279187 0.045685279187817326 0.045685279187817195
5 0.4544733502538072 0.4822335025380711 0.09041878172588824 0.13197969543147203
1 0.3012373096446701 0.5875634517766498 0.09803299492385782 0.11675126903553279
9 0.22842701873692978 0.7341370558375634 0.07423733308451612 0.11040609137055837
6 0.4344863520080589 0.6021573604060912 0.0580633580172652 0.08756345177664954
